Timestamp: 0.005000
Right Wrist: [[[0.032526638358831406, 0.6567769050598145, -0.753383219242096, 0.14371547102928162], [-0.856505811214447, -0.3701707422733307, -0.35968267917633057, 0.5413634777069092], [-0.5151116251945496, 0.6569762825965881, 0.5504927635192871, 1.557828426361084], [0.0, 0.0, 0.0, 1.0]]]

Timestamp: 0.010000
Right Wrist: [[[0.032526638358831406, 0.6567769050598145, -0.753383219242096, 0.14371547102928162], [-0.856505811214447, -0.3701707422733307, -0.35968267917633057, 0.5413634777069092], [-0.5151116251945496, 0.6569762825965881, 0.5504927635192871, 1.557828426361084], [0.0, 0.0, 0.0, 1.0]]]

Timestamp: 0.015000
Right Wrist: [[[0.032526638358831406, 0.6567769050598145, -0.753383219242096, 0.14371547102928162], [-0.856505811214447, -0.3701707422733307, -0.35968267917633057, 0.5413634777069092], [-0.5151116251945496, 0.6569762825965881, 0.5504927635192871, 1.557828426361084], [0.0, 0.0, 0.0, 1.0]]]

Timestamp: 0.020000
Right Wrist: [[[0.032526638358831406, 0.6567769050598145, -0.753383219242096, 0.14371547102928162], [-0.856505811214447, -0.3701707422733307, -0.35968267917633057, 0.5413634777069092], [-0.5151116251945496, 0.6569762825965881, 0.5504927635192871, 1.557828426361084], [0.0, 0.0, 0.0, 1.0]]]

Timestamp: 0.025000
Right Wrist: [[[0.032526638358831406, 0.6567769050598145, -0.753383219242096, 0.14371547102928162], [-0.856505811214447, -0.3701707422733307, -0.35968267917633057, 0.5413634777069092], [-0.5151116251945496, 0.6569762825965881, 0.5504927635192871, 1.557828426361084], [0.0, 0.0, 0.0, 1.0]]]

Timestamp: 0.030000
Right Wrist: [[[0.032526638358831406, 0.6567769050598145, -0.753383219242096, 0.14371547102928162], [-0.856505811214447, -0.3701707422733307, -0.35968267917633057, 0.5413634777069092], [-0.5151116251945496, 0.6569762825965881, 0.5504927635192871, 1.557828426361084], [0.0, 0.0, 0.0, 1.0]]]

Timestamp: 0.035000
Right Wrist: [[[0.034720197319984436, 0.6510534286499023, -0.7582374215126038, 0.14391691982746124], [-0.8576065301895142, -0.37013694643974304, -0.3570849895477295, 0.5415562987327576], [-0.5131331086158752, 0.6626675128936768, 0.54549640417099, 1.5578725337982178], [0.0, 0.0, 0.0, 1.0]]]

Timestamp: 0.040000
Right Wrist: [[[0.034720197319984436, 0.6510534286499023, -0.7582374215126038, 0.14391691982746124], [-0.8576065301895142, -0.37013694643974304, -0.3570849895477295, 0.5415562987327576], [-0.5131331086158752, 0.6626675128936768, 0.54549640417099, 1.5578725337982178], [0.0, 0.0, 0.0, 1.0]]]

Timestamp: 0.045000
Right Wrist: [[[0.034720197319984436, 0.6510534286499023, -0.7582374215126038, 0.14391691982746124], [-0.8576065301895142, -0.37013694643974304, -0.3570849895477295, 0.5415562987327576], [-0.5131331086158752, 0.6626675128936768, 0.54549640417099, 1.5578725337982178], [0.0, 0.0, 0.0, 1.0]]]

Timestamp: 0.050000
Right Wrist: [[[0.034720197319984436, 0.6510534286499023, -0.7582374215126038, 0.14391691982746124], [-0.8576065301895142, -0.37013694643974304, -0.3570849895477295, 0.5415562987327576], [-0.5131331086158752, 0.6626675128936768, 0.54549640417099, 1.5578725337982178], [0.0, 0.0, 0.0, 1.0]]]

Timestamp: 0.055000
Right Wrist: [[[0.034720197319984436, 0.6510534286499023, -0.7582374215126038, 0.14391691982746124], [-0.8576065301895142, -0.37013694643974304, -0.3570849895477295, 0.5415562987327576], [-0.5131331086158752, 0.6626675128936768, 0.54549640417099, 1.5578725337982178], [0.0, 0.0, 0.0, 1.0]]]

Timestamp: 0.060000
Right Wrist: [[[0.034720197319984436, 0.6510534286499023, -0.7582374215126038, 0.14391691982746124], [-0.8576065301895142, -0.37013694643974304, -0.3570849895477295, 0.5415562987327576], [-0.5131331086158752, 0.6626675128936768, 0.54549640417099, 1.5578725337982178], [0.0, 0.0, 0.0, 1.0]]]

Timestamp: 0.065000
Right Wrist: [[[0.034720197319984436, 0.6510534286499023, -0.7582374215126038, 0.14391691982746124], [-0.8576065301895142, -0.37013694643974304, -0.3570849895477295, 0.5415562987327576], [-0.5131331086158752, 0.6626675128936768, 0.54549640417099, 1.5578725337982178], [0.0, 0.0, 0.0, 1.0]]]

Timestamp: 0.070000
Right Wrist: [[[0.033717162907123566, 0.6514050364494324, -0.757980465888977, 0.14381346106529236], [-0.8611671924591064, -0.36595115065574646, -0.3528039753437042, 0.5409420728683472], [-0.5072022080421448, 0.6646435856819153, 0.548629879951477, 1.5582741498947144], [0.0, 0.0, 0.0, 1.0]]]

Timestamp: 0.075000
Right Wrist: [[[0.033717162907123566, 0.6514050364494324, -0.757980465888977, 0.14381346106529236], [-0.8611671924591064, -0.36595115065574646, -0.3528039753437042, 0.5409420728683472], [-0.5072022080421448, 0.6646435856819153, 0.548629879951477, 1.5582741498947144], [0.0, 0.0, 0.0, 1.0]]]

Timestamp: 0.080000
Right Wrist: [[[0.033717162907123566, 0.6514050364494324, -0.757980465888977, 0.14381346106529236], [-0.8611671924591064, -0.36595115065574646, -0.3528039753437042, 0.5409420728683472], [-0.5072022080421448, 0.6646435856819153, 0.548629879951477, 1.5582741498947144], [0.0, 0.0, 0.0, 1.0]]]

Timestamp: 0.085000
Right Wrist: [[[0.033717162907123566, 0.6514050364494324, -0.757980465888977, 0.14381346106529236], [-0.8611671924591064, -0.36595115065574646, -0.3528039753437042, 0.5409420728683472], [-0.5072022080421448, 0.6646435856819153, 0.548629879951477, 1.5582741498947144], [0.0, 0.0, 0.0, 1.0]]]

Timestamp: 0.090000
Right Wrist: [[[0.033717162907123566, 0.6514050364494324, -0.757980465888977, 0.14381346106529236], [-0.8611671924591064, -0.36595115065574646, -0.3528039753437042, 0.5409420728683472], [-0.5072022080421448, 0.6646435856819153, 0.548629879951477, 1.5582741498947144], [0.0, 0.0, 0.0, 1.0]]]

Timestamp: 0.095000
Right Wrist: [[[0.033717162907123566, 0.6514050364494324, -0.757980465888977, 0.14381346106529236], [-0.8611671924591064, -0.36595115065574646, -0.3528039753437042, 0.5409420728683472], [-0.5072022080421448, 0.6646435856819153, 0.548629879951477, 1.5582741498947144], [0.0, 0.0, 0.0, 1.0]]]

Timestamp: 0.100000
Right Wrist: [[[0.033717162907123566, 0.6514050364494324, -0.757980465888977, 0.14381346106529236], [-0.8611671924591064, -0.36595115065574646, -0.3528039753437042, 0.5409420728683472], [-0.5072022080421448, 0.6646435856819153, 0.548629879951477, 1.5582741498947144], [0.0, 0.0, 0.0, 1.0]]]

Timestamp: 0.105000
Right Wrist: [[[0.03479183837771416, 0.6526467204093933, -0.7568630576133728, 0.14400415122509003], [-0.8607238531112671, -0.3652949631214142, -0.35456177592277527, 0.5409163236618042], [-0.5078818202018738, 0.6637858748435974, 0.549039363861084, 1.5580708980560303], [0.0, 0.0, 0.0, 1.0]]]

Timestamp: 0.110000
Right Wrist: [[[0.03479183837771416, 0.6526467204093933, -0.7568630576133728, 0.14400415122509003], [-0.8607238531112671, -0.3652949631214142, -0.35456177592277527, 0.5409163236618042], [-0.5078818202018738, 0.6637858748435974, 0.549039363861084, 1.5580708980560303], [0.0, 0.0, 0.0, 1.0]]]

Timestamp: 0.115000
Right Wrist: [[[0.03479183837771416, 0.6526467204093933, -0.7568630576133728, 0.14400415122509003], [-0.8607238531112671, -0.3652949631214142, -0.35456177592277527, 0.5409163236618042], [-0.5078818202018738, 0.6637858748435974, 0.549039363861084, 1.5580708980560303], [0.0, 0.0, 0.0, 1.0]]]

Timestamp: 0.120000
Right Wrist: [[[0.03479183837771416, 0.6526467204093933, -0.7568630576133728, 0.14400415122509003], [-0.8607238531112671, -0.3652949631214142, -0.35456177592277527, 0.5409163236618042], [-0.5078818202018738, 0.6637858748435974, 0.549039363861084, 1.5580708980560303], [0.0, 0.0, 0.0, 1.0]]]

Timestamp: 0.125000
Right Wrist: [[[0.03479183837771416, 0.6526467204093933, -0.7568630576133728, 0.14400415122509003], [-0.8607238531112671, -0.3652949631214142, -0.35456177592277527, 0.5409163236618042], [-0.5078818202018738, 0.6637858748435974, 0.549039363861084, 1.5580708980560303], [0.0, 0.0, 0.0, 1.0]]]

Timestamp: 0.130000
Right Wrist: [[[0.03479183837771416, 0.6526467204093933, -0.7568630576133728, 0.14400415122509003], [-0.8607238531112671, -0.3652949631214142, -0.35456177592277527, 0.5409163236618042], [-0.5078818202018738, 0.6637858748435974, 0.549039363861084, 1.5580708980560303], [0.0, 0.0, 0.0, 1.0]]]

Timestamp: 0.135000
Right Wrist: [[[0.03479183837771416, 0.6526467204093933, -0.7568630576133728, 0.14400415122509003], [-0.8607238531112671, -0.3652949631214142, -0.35456177592277527, 0.5409163236618042], [-0.5078818202018738, 0.6637858748435974, 0.549039363861084, 1.5580708980560303], [0.0, 0.0, 0.0, 1.0]]]

Timestamp: 0.140000
Right Wrist: [[[0.033291563391685486, 0.6492608785629272, -0.7598364949226379, 0.14407038688659668], [-0.8623992800712585, -0.365582674741745, -0.35016632080078125, 0.5409628748893738], [-0.5051324367523193, 0.6669400930404663, 0.5477514863014221, 1.5581049919128418], [0.0, 0.0, 0.0, 1.0]]]

Timestamp: 0.145000
Right Wrist: [[[0.033291563391685486, 0.6492608785629272, -0.7598364949226379, 0.14407038688659668], [-0.8623992800712585, -0.365582674741745, -0.35016632080078125, 0.5409628748893738], [-0.5051324367523193, 0.6669400930404663, 0.5477514863014221, 1.5581049919128418], [0.0, 0.0, 0.0, 1.0]]]

Timestamp: 0.150000
Right Wrist: [[[0.033291563391685486, 0.6492608785629272, -0.7598364949226379, 0.14407038688659668], [-0.8623992800712585, -0.365582674741745, -0.35016632080078125, 0.5409628748893738], [-0.5051324367523193, 0.6669400930404663, 0.5477514863014221, 1.5581049919128418], [0.0, 0.0, 0.0, 1.0]]]

Timestamp: 0.155000
Right Wrist: [[[0.033291563391685486, 0.6492608785629272, -0.7598364949226379, 0.14407038688659668], [-0.8623992800712585, -0.365582674741745, -0.35016632080078125, 0.5409628748893738], [-0.5051324367523193, 0.6669400930404663, 0.5477514863014221, 1.5581049919128418], [0.0, 0.0, 0.0, 1.0]]]

Timestamp: 0.160000
Right Wrist: [[[0.033291563391685486, 0.6492608785629272, -0.7598364949226379, 0.14407038688659668], [-0.8623992800712585, -0.365582674741745, -0.35016632080078125, 0.5409628748893738], [-0.5051324367523193, 0.6669400930404663, 0.5477514863014221, 1.5581049919128418], [0.0, 0.0, 0.0, 1.0]]]

Timestamp: 0.165000
Right Wrist: [[[0.033291563391685486, 0.6492608785629272, -0.7598364949226379, 0.14407038688659668], [-0.8623992800712585, -0.365582674741745, -0.35016632080078125, 0.5409628748893738], [-0.5051324367523193, 0.6669400930404663, 0.5477514863014221, 1.5581049919128418], [0.0, 0.0, 0.0, 1.0]]]

Timestamp: 0.170000
Right Wrist: [[[0.033291563391685486, 0.6492608785629272, -0.7598364949226379, 0.14407038688659668], [-0.8623992800712585, -0.365582674741745, -0.35016632080078125, 0.5409628748893738], [-0.5051324367523193, 0.6669400930404663, 0.5477514863014221, 1.5581049919128418], [0.0, 0.0, 0.0, 1.0]]]

Timestamp: 0.175000
Right Wrist: [[[0.03668311610817909, 0.649246335029602, -0.7596929669380188, 0.14429782330989838], [-0.8619316816329956, -0.36413517594337463, -0.3528158962726593, 0.5409864783287048], [-0.5056953430175781, 0.6677457690238953, 0.5462484359741211, 1.5580264329910278], [0.0, 0.0, 0.0, 1.0]]]

Timestamp: 0.180000
Right Wrist: [[[0.03668311610817909, 0.649246335029602, -0.7596929669380188, 0.14429782330989838], [-0.8619316816329956, -0.36413517594337463, -0.3528158962726593, 0.5409864783287048], [-0.5056953430175781, 0.6677457690238953, 0.5462484359741211, 1.5580264329910278], [0.0, 0.0, 0.0, 1.0]]]

Timestamp: 0.185000
Right Wrist: [[[0.03668311610817909, 0.649246335029602, -0.7596929669380188, 0.14429782330989838], [-0.8619316816329956, -0.36413517594337463, -0.3528158962726593, 0.5409864783287048], [-0.5056953430175781, 0.6677457690238953, 0.5462484359741211, 1.5580264329910278], [0.0, 0.0, 0.0, 1.0]]]

Timestamp: 0.190000
Right Wrist: [[[0.03668311610817909, 0.649246335029602, -0.7596929669380188, 0.14429782330989838], [-0.8619316816329956, -0.36413517594337463, -0.3528158962726593, 0.5409864783287048], [-0.5056953430175781, 0.6677457690238953, 0.5462484359741211, 1.5580264329910278], [0.0, 0.0, 0.0, 1.0]]]

Timestamp: 0.195000
Right Wrist: [[[0.03668311610817909, 0.649246335029602, -0.7596929669380188, 0.14429782330989838], [-0.8619316816329956, -0.36413517594337463, -0.3528158962726593, 0.5409864783287048], [-0.5056953430175781, 0.6677457690238953, 0.5462484359741211, 1.5580264329910278], [0.0, 0.0, 0.0, 1.0]]]

Timestamp: 0.200000
Right Wrist: [[[0.03668311610817909, 0.649246335029602, -0.7596929669380188, 0.14429782330989838], [-0.8619316816329956, -0.36413517594337463, -0.3528158962726593, 0.5409864783287048], [-0.5056953430175781, 0.6677457690238953, 0.5462484359741211, 1.5580264329910278], [0.0, 0.0, 0.0, 1.0]]]

Timestamp: 0.205000
Right Wrist: [[[0.03668311610817909, 0.649246335029602, -0.7596929669380188, 0.14429782330989838], [-0.8619316816329956, -0.36413517594337463, -0.3528158962726593, 0.5409864783287048], [-0.5056953430175781, 0.6677457690238953, 0.5462484359741211, 1.5580264329910278], [0.0, 0.0, 0.0, 1.0]]]

Timestamp: 0.210000
Right Wrist: [[[0.03558964282274246, 0.6473586559295654, -0.7613539695739746, 0.14447608590126038], [-0.8618026971817017, -0.36584821343421936, -0.3513559103012085, 0.54142165184021], [-0.5059933066368103, 0.6686415672302246, 0.5448750853538513, 1.5577876567840576], [0.0, 0.0, 0.0, 1.0]]]

Timestamp: 0.215000
Right Wrist: [[[0.03558964282274246, 0.6473586559295654, -0.7613539695739746, 0.14447608590126038], [-0.8618026971817017, -0.36584821343421936, -0.3513559103012085, 0.54142165184021], [-0.5059933066368103, 0.6686415672302246, 0.5448750853538513, 1.5577876567840576], [0.0, 0.0, 0.0, 1.0]]]

Timestamp: 0.220000
Right Wrist: [[[0.03558964282274246, 0.6473586559295654, -0.7613539695739746, 0.14447608590126038], [-0.8618026971817017, -0.36584821343421936, -0.3513559103012085, 0.54142165184021], [-0.5059933066368103, 0.6686415672302246, 0.5448750853538513, 1.5577876567840576], [0.0, 0.0, 0.0, 1.0]]]

Timestamp: 0.225000
Right Wrist: [[[0.03558964282274246, 0.6473586559295654, -0.7613539695739746, 0.14447608590126038], [-0.8618026971817017, -0.36584821343421936, -0.3513559103012085, 0.54142165184021], [-0.5059933066368103, 0.6686415672302246, 0.5448750853538513, 1.5577876567840576], [0.0, 0.0, 0.0, 1.0]]]

Timestamp: 0.230000
Right Wrist: [[[0.03558964282274246, 0.6473586559295654, -0.7613539695739746, 0.14447608590126038], [-0.8618026971817017, -0.36584821343421936, -0.3513559103012085, 0.54142165184021], [-0.5059933066368103, 0.6686415672302246, 0.5448750853538513, 1.5577876567840576], [0.0, 0.0, 0.0, 1.0]]]

Timestamp: 0.235000
Right Wrist: [[[0.03558964282274246, 0.6473586559295654, -0.7613539695739746, 0.14447608590126038], [-0.8618026971817017, -0.36584821343421936, -0.3513559103012085, 0.54142165184021], [-0.5059933066368103, 0.6686415672302246, 0.5448750853538513, 1.5577876567840576], [0.0, 0.0, 0.0, 1.0]]]

Timestamp: 0.240000
Right Wrist: [[[0.03558964282274246, 0.6473586559295654, -0.7613539695739746, 0.14447608590126038], [-0.8618026971817017, -0.36584821343421936, -0.3513559103012085, 0.54142165184021], [-0.5059933066368103, 0.6686415672302246, 0.5448750853538513, 1.5577876567840576], [0.0, 0.0, 0.0, 1.0]]]

Timestamp: 0.245000
Right Wrist: [[[0.03558964282274246, 0.6473586559295654, -0.7613539695739746, 0.14447608590126038], [-0.8618026971817017, -0.36584821343421936, -0.3513559103012085, 0.54142165184021], [-0.5059933066368103, 0.6686415672302246, 0.5448750853538513, 1.5577876567840576], [0.0, 0.0, 0.0, 1.0]]]

Timestamp: 0.250000
Right Wrist: [[[0.03510173410177231, 0.6487032175064087, -0.7602315545082092, 0.14433422684669495], [-0.8630712628364563, -0.36384665966033936, -0.3503192961215973, 0.5407677292823792], [-0.5038609504699707, 0.6684308648109436, 0.5471053719520569, 1.5577046871185303], [0.0, 0.0, 0.0, 1.0]]]

Timestamp: 0.255000
Right Wrist: [[[0.03510173410177231, 0.6487032175064087, -0.7602315545082092, 0.14433422684669495], [-0.8630712628364563, -0.36384665966033936, -0.3503192961215973, 0.5407677292823792], [-0.5038609504699707, 0.6684308648109436, 0.5471053719520569, 1.5577046871185303], [0.0, 0.0, 0.0, 1.0]]]

Timestamp: 0.260000
Right Wrist: [[[0.03510173410177231, 0.6487032175064087, -0.7602315545082092, 0.14433422684669495], [-0.8630712628364563, -0.36384665966033936, -0.3503192961215973, 0.5407677292823792], [-0.5038609504699707, 0.6684308648109436, 0.5471053719520569, 1.5577046871185303], [0.0, 0.0, 0.0, 1.0]]]

Timestamp: 0.265000
Right Wrist: [[[0.03510173410177231, 0.6487032175064087, -0.7602315545082092, 0.14433422684669495], [-0.8630712628364563, -0.36384665966033936, -0.3503192961215973, 0.5407677292823792], [-0.5038609504699707, 0.6684308648109436, 0.5471053719520569, 1.5577046871185303], [0.0, 0.0, 0.0, 1.0]]]

Timestamp: 0.270000
Right Wrist: [[[0.03510173410177231, 0.6487032175064087, -0.7602315545082092, 0.14433422684669495], [-0.8630712628364563, -0.36384665966033936, -0.3503192961215973, 0.5407677292823792], [-0.5038609504699707, 0.6684308648109436, 0.5471053719520569, 1.5577046871185303], [0.0, 0.0, 0.0, 1.0]]]

Timestamp: 0.275000
Right Wrist: [[[0.03573963791131973, 0.6478303670883179, -0.7609458565711975, 0.14428642392158508], [-0.8608980774879456, -0.36673152446746826, -0.35265064239501953, 0.5407836437225342], [-0.5075206160545349, 0.6677003502845764, 0.5446091294288635, 1.557582139968872], [0.0, 0.0, 0.0, 1.0]]]

Timestamp: 0.280000
Right Wrist: [[[0.03573963791131973, 0.6478303670883179, -0.7609458565711975, 0.14428642392158508], [-0.8608980774879456, -0.36673152446746826, -0.35265064239501953, 0.5407836437225342], [-0.5075206160545349, 0.6677003502845764, 0.5446091294288635, 1.557582139968872], [0.0, 0.0, 0.0, 1.0]]]

Timestamp: 0.285000
Right Wrist: [[[0.03573963791131973, 0.6478303670883179, -0.7609458565711975, 0.14428642392158508], [-0.8608980774879456, -0.36673152446746826, -0.35265064239501953, 0.5407836437225342], [-0.5075206160545349, 0.6677003502845764, 0.5446091294288635, 1.557582139968872], [0.0, 0.0, 0.0, 1.0]]]

Timestamp: 0.290000
Right Wrist: [[[0.03573963791131973, 0.6478303670883179, -0.7609458565711975, 0.14428642392158508], [-0.8608980774879456, -0.36673152446746826, -0.35265064239501953, 0.5407836437225342], [-0.5075206160545349, 0.6677003502845764, 0.5446091294288635, 1.557582139968872], [0.0, 0.0, 0.0, 1.0]]]

Timestamp: 0.295000
Right Wrist: [[[0.03573963791131973, 0.6478303670883179, -0.7609458565711975, 0.14428642392158508], [-0.8608980774879456, -0.36673152446746826, -0.35265064239501953, 0.5407836437225342], [-0.5075206160545349, 0.6677003502845764, 0.5446091294288635, 1.557582139968872], [0.0, 0.0, 0.0, 1.0]]]

Timestamp: 0.300000
Right Wrist: [[[0.03573963791131973, 0.6478303670883179, -0.7609458565711975, 0.14428642392158508], [-0.8608980774879456, -0.36673152446746826, -0.35265064239501953, 0.5407836437225342], [-0.5075206160545349, 0.6677003502845764, 0.5446091294288635, 1.557582139968872], [0.0, 0.0, 0.0, 1.0]]]

Timestamp: 0.305000
Right Wrist: [[[0.03573963791131973, 0.6478303670883179, -0.7609458565711975, 0.14428642392158508], [-0.8608980774879456, -0.36673152446746826, -0.35265064239501953, 0.5407836437225342], [-0.5075206160545349, 0.6677003502845764, 0.5446091294288635, 1.557582139968872], [0.0, 0.0, 0.0, 1.0]]]

Timestamp: 0.310000
Right Wrist: [[[0.036398936063051224, 0.6493311524391174, -0.7596343159675598, 0.14413875341415405], [-0.859743595123291, -0.36714500188827515, -0.35502925515174866, 0.5411421060562134], [-0.5094274282455444, 0.6660134196281433, 0.5448944568634033, 1.5572174787521362], [0.0, 0.0, 0.0, 1.0]]]

Timestamp: 0.315000
Right Wrist: [[[0.036398936063051224, 0.6493311524391174, -0.7596343159675598, 0.14413875341415405], [-0.859743595123291, -0.36714500188827515, -0.35502925515174866, 0.5411421060562134], [-0.5094274282455444, 0.6660134196281433, 0.5448944568634033, 1.5572174787521362], [0.0, 0.0, 0.0, 1.0]]]

Timestamp: 0.320000
Right Wrist: [[[0.036398936063051224, 0.6493311524391174, -0.7596343159675598, 0.14413875341415405], [-0.859743595123291, -0.36714500188827515, -0.35502925515174866, 0.5411421060562134], [-0.5094274282455444, 0.6660134196281433, 0.5448944568634033, 1.5572174787521362], [0.0, 0.0, 0.0, 1.0]]]

Timestamp: 0.325000
Right Wrist: [[[0.036398936063051224, 0.6493311524391174, -0.7596343159675598, 0.14413875341415405], [-0.859743595123291, -0.36714500188827515, -0.35502925515174866, 0.5411421060562134], [-0.5094274282455444, 0.6660134196281433, 0.5448944568634033, 1.5572174787521362], [0.0, 0.0, 0.0, 1.0]]]

Timestamp: 0.330000
Right Wrist: [[[0.036398936063051224, 0.6493311524391174, -0.7596343159675598, 0.14413875341415405], [-0.859743595123291, -0.36714500188827515, -0.35502925515174866, 0.5411421060562134], [-0.5094274282455444, 0.6660134196281433, 0.5448944568634033, 1.5572174787521362], [0.0, 0.0, 0.0, 1.0]]]

Timestamp: 0.335000
Right Wrist: [[[0.036398936063051224, 0.6493311524391174, -0.7596343159675598, 0.14413875341415405], [-0.859743595123291, -0.36714500188827515, -0.35502925515174866, 0.5411421060562134], [-0.5094274282455444, 0.6660134196281433, 0.5448944568634033, 1.5572174787521362], [0.0, 0.0, 0.0, 1.0]]]

Timestamp: 0.340000
Right Wrist: [[[0.036398936063051224, 0.6493311524391174, -0.7596343159675598, 0.14413875341415405], [-0.859743595123291, -0.36714500188827515, -0.35502925515174866, 0.5411421060562134], [-0.5094274282455444, 0.6660134196281433, 0.5448944568634033, 1.5572174787521362], [0.0, 0.0, 0.0, 1.0]]]

Timestamp: 0.345000
Right Wrist: [[[0.03849993646144867, 0.6533094644546509, -0.7561112642288208, 0.14362271130084991], [-0.859430730342865, -0.3643891513347626, -0.35860714316368103, 0.5415218472480774], [-0.5098002552986145, 0.6636317372322083, 0.5474454164505005, 1.557120680809021], [0.0, 0.0, 0.0, 1.0]]]

Timestamp: 0.350000
Right Wrist: [[[0.03849993646144867, 0.6533094644546509, -0.7561112642288208, 0.14362271130084991], [-0.859430730342865, -0.3643891513347626, -0.35860714316368103, 0.5415218472480774], [-0.5098002552986145, 0.6636317372322083, 0.5474454164505005, 1.557120680809021], [0.0, 0.0, 0.0, 1.0]]]

Timestamp: 0.355000
Right Wrist: [[[0.03849993646144867, 0.6533094644546509, -0.7561112642288208, 0.14362271130084991], [-0.859430730342865, -0.3643891513347626, -0.35860714316368103, 0.5415218472480774], [-0.5098002552986145, 0.6636317372322083, 0.5474454164505005, 1.557120680809021], [0.0, 0.0, 0.0, 1.0]]]

Timestamp: 0.360000
Right Wrist: [[[0.03849993646144867, 0.6533094644546509, -0.7561112642288208, 0.14362271130084991], [-0.859430730342865, -0.3643891513347626, -0.35860714316368103, 0.5415218472480774], [-0.5098002552986145, 0.6636317372322083, 0.5474454164505005, 1.557120680809021], [0.0, 0.0, 0.0, 1.0]]]

Timestamp: 0.365000
Right Wrist: [[[0.03849993646144867, 0.6533094644546509, -0.7561112642288208, 0.14362271130084991], [-0.859430730342865, -0.3643891513347626, -0.35860714316368103, 0.5415218472480774], [-0.5098002552986145, 0.6636317372322083, 0.5474454164505005, 1.557120680809021], [0.0, 0.0, 0.0, 1.0]]]

Timestamp: 0.370000
Right Wrist: [[[0.03849993646144867, 0.6533094644546509, -0.7561112642288208, 0.14362271130084991], [-0.859430730342865, -0.3643891513347626, -0.35860714316368103, 0.5415218472480774], [-0.5098002552986145, 0.6636317372322083, 0.5474454164505005, 1.557120680809021], [0.0, 0.0, 0.0, 1.0]]]

Timestamp: 0.375000
Right Wrist: [[[0.04329978674650192, 0.6542801856994629, -0.7550115585327148, 0.14305216073989868], [-0.8570660948753357, -0.36401233077049255, -0.36459943652153015, 0.5417178273200989], [-0.513383686542511, 0.6628818511962891, 0.5449997782707214, 1.5568658113479614], [0.0, 0.0, 0.0, 1.0]]]

Timestamp: 0.380000
Right Wrist: [[[0.04329978674650192, 0.6542801856994629, -0.7550115585327148, 0.14305216073989868], [-0.8570660948753357, -0.36401233077049255, -0.36459943652153015, 0.5417178273200989], [-0.513383686542511, 0.6628818511962891, 0.5449997782707214, 1.5568658113479614], [0.0, 0.0, 0.0, 1.0]]]

Timestamp: 0.385000
Right Wrist: [[[0.04329978674650192, 0.6542801856994629, -0.7550115585327148, 0.14305216073989868], [-0.8570660948753357, -0.36401233077049255, -0.36459943652153015, 0.5417178273200989], [-0.513383686542511, 0.6628818511962891, 0.5449997782707214, 1.5568658113479614], [0.0, 0.0, 0.0, 1.0]]]

Timestamp: 0.390000
Right Wrist: [[[0.04329978674650192, 0.6542801856994629, -0.7550115585327148, 0.14305216073989868], [-0.8570660948753357, -0.36401233077049255, -0.36459943652153015, 0.5417178273200989], [-0.513383686542511, 0.6628818511962891, 0.5449997782707214, 1.5568658113479614], [0.0, 0.0, 0.0, 1.0]]]

Timestamp: 0.395000
Right Wrist: [[[0.04329978674650192, 0.6542801856994629, -0.7550115585327148, 0.14305216073989868], [-0.8570660948753357, -0.36401233077049255, -0.36459943652153015, 0.5417178273200989], [-0.513383686542511, 0.6628818511962891, 0.5449997782707214, 1.5568658113479614], [0.0, 0.0, 0.0, 1.0]]]

Timestamp: 0.400000
Right Wrist: [[[0.04329978674650192, 0.6542801856994629, -0.7550115585327148, 0.14305216073989868], [-0.8570660948753357, -0.36401233077049255, -0.36459943652153015, 0.5417178273200989], [-0.513383686542511, 0.6628818511962891, 0.5449997782707214, 1.5568658113479614], [0.0, 0.0, 0.0, 1.0]]]

Timestamp: 0.405000
Right Wrist: [[[0.04329978674650192, 0.6542801856994629, -0.7550115585327148, 0.14305216073989868], [-0.8570660948753357, -0.36401233077049255, -0.36459943652153015, 0.5417178273200989], [-0.513383686542511, 0.6628818511962891, 0.5449997782707214, 1.5568658113479614], [0.0, 0.0, 0.0, 1.0]]]

Timestamp: 0.410000
Right Wrist: [[[0.042810555547475815, 0.6558272838592529, -0.753696084022522, 0.1422179937362671], [-0.86070716381073, -0.35884010791778564, -0.3611328899860382, 0.5411688089370728], [-0.5072972178459167, 0.6641719341278076, 0.5491130948066711, 1.5567524433135986], [0.0, 0.0, 0.0, 1.0]]]

Timestamp: 0.415000
Right Wrist: [[[0.042810555547475815, 0.6558272838592529, -0.753696084022522, 0.1422179937362671], [-0.86070716381073, -0.35884010791778564, -0.3611328899860382, 0.5411688089370728], [-0.5072972178459167, 0.6641719341278076, 0.5491130948066711, 1.5567524433135986], [0.0, 0.0, 0.0, 1.0]]]

Timestamp: 0.420000
Right Wrist: [[[0.042810555547475815, 0.6558272838592529, -0.753696084022522, 0.1422179937362671], [-0.86070716381073, -0.35884010791778564, -0.3611328899860382, 0.5411688089370728], [-0.5072972178459167, 0.6641719341278076, 0.5491130948066711, 1.5567524433135986], [0.0, 0.0, 0.0, 1.0]]]

Timestamp: 0.425000
Right Wrist: [[[0.042810555547475815, 0.6558272838592529, -0.753696084022522, 0.1422179937362671], [-0.86070716381073, -0.35884010791778564, -0.3611328899860382, 0.5411688089370728], [-0.5072972178459167, 0.6641719341278076, 0.5491130948066711, 1.5567524433135986], [0.0, 0.0, 0.0, 1.0]]]

Timestamp: 0.430000
Right Wrist: [[[0.042810555547475815, 0.6558272838592529, -0.753696084022522, 0.1422179937362671], [-0.86070716381073, -0.35884010791778564, -0.3611328899860382, 0.5411688089370728], [-0.5072972178459167, 0.6641719341278076, 0.5491130948066711, 1.5567524433135986], [0.0, 0.0, 0.0, 1.0]]]

Timestamp: 0.435000
Right Wrist: [[[0.042810555547475815, 0.6558272838592529, -0.753696084022522, 0.1422179937362671], [-0.86070716381073, -0.35884010791778564, -0.3611328899860382, 0.5411688089370728], [-0.5072972178459167, 0.6641719341278076, 0.5491130948066711, 1.5567524433135986], [0.0, 0.0, 0.0, 1.0]]]

Timestamp: 0.440000
Right Wrist: [[[0.042810555547475815, 0.6558272838592529, -0.753696084022522, 0.1422179937362671], [-0.86070716381073, -0.35884010791778564, -0.3611328899860382, 0.5411688089370728], [-0.5072972178459167, 0.6641719341278076, 0.5491130948066711, 1.5567524433135986], [0.0, 0.0, 0.0, 1.0]]]

Timestamp: 0.445000
Right Wrist: [[[0.042299091815948486, 0.6510795950889587, -0.7578299045562744, 0.14149659872055054], [-0.8611063361167908, -0.3608945608139038, -0.35812142491340637, 0.5414135456085205], [-0.5066622495651245, 0.6677203178405762, 0.5453832745552063, 1.5562944412231445], [0.0, 0.0, 0.0, 1.0]]]

Timestamp: 0.450000
Right Wrist: [[[0.042299091815948486, 0.6510795950889587, -0.7578299045562744, 0.14149659872055054], [-0.8611063361167908, -0.3608945608139038, -0.35812142491340637, 0.5414135456085205], [-0.5066622495651245, 0.6677203178405762, 0.5453832745552063, 1.5562944412231445], [0.0, 0.0, 0.0, 1.0]]]

Timestamp: 0.455000
Right Wrist: [[[0.042299091815948486, 0.6510795950889587, -0.7578299045562744, 0.14149659872055054], [-0.8611063361167908, -0.3608945608139038, -0.35812142491340637, 0.5414135456085205], [-0.5066622495651245, 0.6677203178405762, 0.5453832745552063, 1.5562944412231445], [0.0, 0.0, 0.0, 1.0]]]

Timestamp: 0.460000
Right Wrist: [[[0.042299091815948486, 0.6510795950889587, -0.7578299045562744, 0.14149659872055054], [-0.8611063361167908, -0.3608945608139038, -0.35812142491340637, 0.5414135456085205], [-0.5066622495651245, 0.6677203178405762, 0.5453832745552063, 1.5562944412231445], [0.0, 0.0, 0.0, 1.0]]]

Timestamp: 0.465000
Right Wrist: [[[0.042299091815948486, 0.6510795950889587, -0.7578299045562744, 0.14149659872055054], [-0.8611063361167908, -0.3608945608139038, -0.35812142491340637, 0.5414135456085205], [-0.5066622495651245, 0.6677203178405762, 0.5453832745552063, 1.5562944412231445], [0.0, 0.0, 0.0, 1.0]]]

Timestamp: 0.470000
Right Wrist: [[[0.04314989596605301, 0.6531162858009338, -0.756027102470398, 0.14107228815555573], [-0.8646221160888672, -0.35473543405532837, -0.35579660534858704, 0.5415923595428467], [-0.5005661845207214, 0.6690303087234497, 0.5493921637535095, 1.5557785034179688], [0.0, 0.0, 0.0, 1.0]]]

Timestamp: 0.475000
Right Wrist: [[[0.04314989596605301, 0.6531162858009338, -0.756027102470398, 0.14107228815555573], [-0.8646221160888672, -0.35473543405532837, -0.35579660534858704, 0.5415923595428467], [-0.5005661845207214, 0.6690303087234497, 0.5493921637535095, 1.5557785034179688], [0.0, 0.0, 0.0, 1.0]]]

Timestamp: 0.480000
Right Wrist: [[[0.04314989596605301, 0.6531162858009338, -0.756027102470398, 0.14107228815555573], [-0.8646221160888672, -0.35473543405532837, -0.35579660534858704, 0.5415923595428467], [-0.5005661845207214, 0.6690303087234497, 0.5493921637535095, 1.5557785034179688], [0.0, 0.0, 0.0, 1.0]]]

Timestamp: 0.485000
Right Wrist: [[[0.04314989596605301, 0.6531162858009338, -0.756027102470398, 0.14107228815555573], [-0.8646221160888672, -0.35473543405532837, -0.35579660534858704, 0.5415923595428467], [-0.5005661845207214, 0.6690303087234497, 0.5493921637535095, 1.5557785034179688], [0.0, 0.0, 0.0, 1.0]]]

Timestamp: 0.490000
Right Wrist: [[[0.04314989596605301, 0.6531162858009338, -0.756027102470398, 0.14107228815555573], [-0.8646221160888672, -0.35473543405532837, -0.35579660534858704, 0.5415923595428467], [-0.5005661845207214, 0.6690303087234497, 0.5493921637535095, 1.5557785034179688], [0.0, 0.0, 0.0, 1.0]]]

Timestamp: 0.495000
Right Wrist: [[[0.04314989596605301, 0.6531162858009338, -0.756027102470398, 0.14107228815555573], [-0.8646221160888672, -0.35473543405532837, -0.35579660534858704, 0.5415923595428467], [-0.5005661845207214, 0.6690303087234497, 0.5493921637535095, 1.5557785034179688], [0.0, 0.0, 0.0, 1.0]]]

Timestamp: 0.500000
Right Wrist: [[[0.04314989596605301, 0.6531162858009338, -0.756027102470398, 0.14107228815555573], [-0.8646221160888672, -0.35473543405532837, -0.35579660534858704, 0.5415923595428467], [-0.5005661845207214, 0.6690303087234497, 0.5493921637535095, 1.5557785034179688], [0.0, 0.0, 0.0, 1.0]]]

Timestamp: 0.505000
Right Wrist: [[[0.04032249003648758, 0.6514321565628052, -0.7576345801353455, 0.14038513600826263], [-0.8687767386436462, -0.3516891598701477, -0.3486281931400299, 0.5414968729019165], [-0.49355950951576233, 0.6722729802131653, 0.5517681837081909, 1.555172085762024], [0.0, 0.0, 0.0, 1.0]]]

Timestamp: 0.510000
Right Wrist: [[[0.04032249003648758, 0.6514321565628052, -0.7576345801353455, 0.14038513600826263], [-0.8687767386436462, -0.3516891598701477, -0.3486281931400299, 0.5414968729019165], [-0.49355950951576233, 0.6722729802131653, 0.5517681837081909, 1.555172085762024], [0.0, 0.0, 0.0, 1.0]]]

Timestamp: 0.515000
Right Wrist: [[[0.04032249003648758, 0.6514321565628052, -0.7576345801353455, 0.14038513600826263], [-0.8687767386436462, -0.3516891598701477, -0.3486281931400299, 0.5414968729019165], [-0.49355950951576233, 0.6722729802131653, 0.5517681837081909, 1.555172085762024], [0.0, 0.0, 0.0, 1.0]]]

Timestamp: 0.520000
Right Wrist: [[[0.04032249003648758, 0.6514321565628052, -0.7576345801353455, 0.14038513600826263], [-0.8687767386436462, -0.3516891598701477, -0.3486281931400299, 0.5414968729019165], [-0.49355950951576233, 0.6722729802131653, 0.5517681837081909, 1.555172085762024], [0.0, 0.0, 0.0, 1.0]]]

Timestamp: 0.525000
Right Wrist: [[[0.04032249003648758, 0.6514321565628052, -0.7576345801353455, 0.14038513600826263], [-0.8687767386436462, -0.3516891598701477, -0.3486281931400299, 0.5414968729019165], [-0.49355950951576233, 0.6722729802131653, 0.5517681837081909, 1.555172085762024], [0.0, 0.0, 0.0, 1.0]]]

Timestamp: 0.530000
Right Wrist: [[[0.04032249003648758, 0.6514321565628052, -0.7576345801353455, 0.14038513600826263], [-0.8687767386436462, -0.3516891598701477, -0.3486281931400299, 0.5414968729019165], [-0.49355950951576233, 0.6722729802131653, 0.5517681837081909, 1.555172085762024], [0.0, 0.0, 0.0, 1.0]]]

Timestamp: 0.535000
Right Wrist: [[[0.04032249003648758, 0.6514321565628052, -0.7576345801353455, 0.14038513600826263], [-0.8687767386436462, -0.3516891598701477, -0.3486281931400299, 0.5414968729019165], [-0.49355950951576233, 0.6722729802131653, 0.5517681837081909, 1.555172085762024], [0.0, 0.0, 0.0, 1.0]]]

Timestamp: 0.540000
Right Wrist: [[[0.03881268575787544, 0.6525095701217651, -0.7567861080169678, 0.13996583223342896], [-0.8695209622383118, -0.35112565755844116, -0.34733888506889343, 0.5422351360321045], [-0.49236881732940674, 0.6715223789215088, 0.5537424683570862, 1.5541318655014038], [0.0, 0.0, 0.0, 1.0]]]

Timestamp: 0.545000
Right Wrist: [[[0.03881268575787544, 0.6525095701217651, -0.7567861080169678, 0.13996583223342896], [-0.8695209622383118, -0.35112565755844116, -0.34733888506889343, 0.5422351360321045], [-0.49236881732940674, 0.6715223789215088, 0.5537424683570862, 1.5541318655014038], [0.0, 0.0, 0.0, 1.0]]]

Timestamp: 0.550000
Right Wrist: [[[0.03881268575787544, 0.6525095701217651, -0.7567861080169678, 0.13996583223342896], [-0.8695209622383118, -0.35112565755844116, -0.34733888506889343, 0.5422351360321045], [-0.49236881732940674, 0.6715223789215088, 0.5537424683570862, 1.5541318655014038], [0.0, 0.0, 0.0, 1.0]]]

Timestamp: 0.555000
Right Wrist: [[[0.03881268575787544, 0.6525095701217651, -0.7567861080169678, 0.13996583223342896], [-0.8695209622383118, -0.35112565755844116, -0.34733888506889343, 0.5422351360321045], [-0.49236881732940674, 0.6715223789215088, 0.5537424683570862, 1.5541318655014038], [0.0, 0.0, 0.0, 1.0]]]

Timestamp: 0.560000
Right Wrist: [[[0.03881268575787544, 0.6525095701217651, -0.7567861080169678, 0.13996583223342896], [-0.8695209622383118, -0.35112565755844116, -0.34733888506889343, 0.5422351360321045], [-0.49236881732940674, 0.6715223789215088, 0.5537424683570862, 1.5541318655014038], [0.0, 0.0, 0.0, 1.0]]]

Timestamp: 0.565000
Right Wrist: [[[0.03881268575787544, 0.6525095701217651, -0.7567861080169678, 0.13996583223342896], [-0.8695209622383118, -0.35112565755844116, -0.34733888506889343, 0.5422351360321045], [-0.49236881732940674, 0.6715223789215088, 0.5537424683570862, 1.5541318655014038], [0.0, 0.0, 0.0, 1.0]]]

Timestamp: 0.570000
Right Wrist: [[[0.03881268575787544, 0.6525095701217651, -0.7567861080169678, 0.13996583223342896], [-0.8695209622383118, -0.35112565755844116, -0.34733888506889343, 0.5422351360321045], [-0.49236881732940674, 0.6715223789215088, 0.5537424683570862, 1.5541318655014038], [0.0, 0.0, 0.0, 1.0]]]

Timestamp: 0.575000
Right Wrist: [[[0.03921583667397499, 0.6564304828643799, -0.7533665299415588, 0.1396079659461975], [-0.8737202286720276, -0.343302458524704, -0.344610333442688, 0.5424501299858093], [-0.48484528064727783, 0.671745777130127, 0.5600737929344177, 1.5537092685699463], [0.0, 0.0, 0.0, 1.0]]]

Timestamp: 0.580000
Right Wrist: [[[0.03921583667397499, 0.6564304828643799, -0.7533665299415588, 0.1396079659461975], [-0.8737202286720276, -0.343302458524704, -0.344610333442688, 0.5424501299858093], [-0.48484528064727783, 0.671745777130127, 0.5600737929344177, 1.5537092685699463], [0.0, 0.0, 0.0, 1.0]]]

Timestamp: 0.585000
Right Wrist: [[[0.03921583667397499, 0.6564304828643799, -0.7533665299415588, 0.1396079659461975], [-0.8737202286720276, -0.343302458524704, -0.344610333442688, 0.5424501299858093], [-0.48484528064727783, 0.671745777130127, 0.5600737929344177, 1.5537092685699463], [0.0, 0.0, 0.0, 1.0]]]

Timestamp: 0.590000
Right Wrist: [[[0.03921583667397499, 0.6564304828643799, -0.7533665299415588, 0.1396079659461975], [-0.8737202286720276, -0.343302458524704, -0.344610333442688, 0.5424501299858093], [-0.48484528064727783, 0.671745777130127, 0.5600737929344177, 1.5537092685699463], [0.0, 0.0, 0.0, 1.0]]]

Timestamp: 0.595000
Right Wrist: [[[0.03921583667397499, 0.6564304828643799, -0.7533665299415588, 0.1396079659461975], [-0.8737202286720276, -0.343302458524704, -0.344610333442688, 0.5424501299858093], [-0.48484528064727783, 0.671745777130127, 0.5600737929344177, 1.5537092685699463], [0.0, 0.0, 0.0, 1.0]]]

Timestamp: 0.600000
Right Wrist: [[[0.03921583667397499, 0.6564304828643799, -0.7533665299415588, 0.1396079659461975], [-0.8737202286720276, -0.343302458524704, -0.344610333442688, 0.5424501299858093], [-0.48484528064727783, 0.671745777130127, 0.5600737929344177, 1.5537092685699463], [0.0, 0.0, 0.0, 1.0]]]

Timestamp: 0.605000
Right Wrist: [[[0.03921583667397499, 0.6564304828643799, -0.7533665299415588, 0.1396079659461975], [-0.8737202286720276, -0.343302458524704, -0.344610333442688, 0.5424501299858093], [-0.48484528064727783, 0.671745777130127, 0.5600737929344177, 1.5537092685699463], [0.0, 0.0, 0.0, 1.0]]]

Timestamp: 0.610000
Right Wrist: [[[0.03921583667397499, 0.6564304828643799, -0.7533665299415588, 0.1396079659461975], [-0.8737202286720276, -0.343302458524704, -0.344610333442688, 0.5424501299858093], [-0.48484528064727783, 0.671745777130127, 0.5600737929344177, 1.5537092685699463], [0.0, 0.0, 0.0, 1.0]]]

Timestamp: 0.615000
Right Wrist: [[[0.042345963418483734, 0.6604030132293701, -0.7497162222862244, 0.13942942023277283], [-0.8720741271972656, -0.3417399823665619, -0.3502858579158783, 0.542548656463623], [-0.4875378906726837, 0.6686413288116455, 0.5614491105079651, 1.552770972251892], [0.0, 0.0, 0.0, 1.0]]]

Timestamp: 0.620000
Right Wrist: [[[0.042345963418483734, 0.6604030132293701, -0.7497162222862244, 0.13942942023277283], [-0.8720741271972656, -0.3417399823665619, -0.3502858579158783, 0.542548656463623], [-0.4875378906726837, 0.6686413288116455, 0.5614491105079651, 1.552770972251892], [0.0, 0.0, 0.0, 1.0]]]

Timestamp: 0.625000
Right Wrist: [[[0.042345963418483734, 0.6604030132293701, -0.7497162222862244, 0.13942942023277283], [-0.8720741271972656, -0.3417399823665619, -0.3502858579158783, 0.542548656463623], [-0.4875378906726837, 0.6686413288116455, 0.5614491105079651, 1.552770972251892], [0.0, 0.0, 0.0, 1.0]]]

Timestamp: 0.630000
Right Wrist: [[[0.042345963418483734, 0.6604030132293701, -0.7497162222862244, 0.13942942023277283], [-0.8720741271972656, -0.3417399823665619, -0.3502858579158783, 0.542548656463623], [-0.4875378906726837, 0.6686413288116455, 0.5614491105079651, 1.552770972251892], [0.0, 0.0, 0.0, 1.0]]]

Timestamp: 0.635000
Right Wrist: [[[0.042205873876810074, 0.6591433882713318, -0.7508317232131958, 0.13933390378952026], [-0.8717179298400879, -0.34290602803230286, -0.35003286600112915, 0.5426815748214722], [-0.48818668723106384, 0.6692871451377869, 0.5601146221160889, 1.551738977432251], [0.0, 0.0, 0.0, 1.0]]]

Timestamp: 0.640000
Right Wrist: [[[0.042205873876810074, 0.6591433882713318, -0.7508317232131958, 0.13933390378952026], [-0.8717179298400879, -0.34290602803230286, -0.35003286600112915, 0.5426815748214722], [-0.48818668723106384, 0.6692871451377869, 0.5601146221160889, 1.551738977432251], [0.0, 0.0, 0.0, 1.0]]]

Timestamp: 0.645000
